0.07523521
0.061148427
0.07593629
0.076828465
0.07512329
0.070909105
0.11229669
0.106674306
0.08793643
0.08226635
0.08847998
0.08167013
0.07771111
0.078395225
0.074154034
0.08385561
0.08876788
0.09800247
0.08697251
0.08275885
0.08601568
0.08731132
0.09565149
0.0878759
0.082367785
0.08271188
0.08758748
0.07725101
0.08285568
0.09365746
0.0731421
0.07484992
0.07533862
0.067509554
0.07685544
0.073063485
0.069242105
0.061669085
0.07544664
0.0741723
0.06152162
0.07430845
0.07692154
0.07655429
0.07529542
0.078761294
0.07634498
0.07272372
0.061752643
0.07427307
0.06553451
0.079402424
0.07814075
0.06853892
0.07590244
0.07463061
0.0657659
0.062183123
0.06802651
0.08010186
0.08185183
0.071433574
0.0741108
0.07279161
0.0693489
0.07483267
0.07815916
0.07492534
0.07566381
0.06372926
0.07712218
0.061729908
0.07817829
0.07486423
0.0673623
0.06260602
0.08130698
0.13334484
0.08092787
0.07534088
0.06487377
0.07979871
0.07510259
0.082127966
0.07566096
0.0716217
0.080548376
0.089375705
0.08148765
0.07597928
0.079625346
0.07206849
0.074389935
0.07741238
0.08253433
0.060495928
0.07399435
0.071712114
0.07355211
0.07635739
